Index       TIME              V(FIELD)          I(FIELD)
0          0.00000000e+00    0.00000000e+00    0.00000000e+00   
1          4.00000000e-04    1.56988058e-02    1.72514349e+01   
2          8.00000000e-04    2.58299757e-02    3.59676216e+01   
3          1.20000000e-03    3.50466488e-02    5.43227349e+01   
4          1.60000000e-03    4.36804811e-02    7.18786386e+01   
5          2.00000000e-03    5.15974483e-02    8.82954816e+01   
6          2.40000000e-03    5.87166675e-02    1.03335019e+02   
7          2.80000000e-03    6.49012479e-02    1.16742031e+02   
8          3.20000000e-03    7.00650614e-02    1.28309738e+02   
9          3.60000000e-03    7.41225600e-02    1.37853363e+02   
10         4.00000000e-03    7.70117100e-02    1.45222978e+02   
11         4.40000000e-03    7.86871551e-02    1.50303687e+02   
12         4.80000000e-03    7.91200316e-02    1.53012782e+02   
13         5.20000000e-03    7.83058679e-02    1.53308866e+02   
14         5.60000000e-03    7.62569260e-02    1.51187391e+02   
15         6.00000000e-03    7.30064135e-02    1.46682652e+02   
16         6.40000000e-03    6.86031329e-02    1.39864102e+02   
17         6.80000000e-03    6.31180474e-02    1.30839173e+02   
18         7.20000000e-03    5.66374593e-02    1.19750615e+02   
19         7.60000000e-03    4.92635551e-02    1.06773577e+02   
20         8.00000000e-03    4.11137902e-02    9.21136156e+01   
21         8.40000000e-03    3.23151915e-02    7.60006940e+01   
22         8.80000000e-03    2.30064991e-02    5.86887682e+01   
23         9.20000000e-03    1.33350917e-02    4.04512216e+01   
24         9.60000000e-03    3.45360009e-03    2.15759122e+01   
25         1.00000000e-02    -6.48174358e-03   2.36111695e+00   
26         1.04000000e-02    -1.63164217e-02   -1.68922788e+01  
27         1.08000000e-02    -2.58808313e-02   -3.58656608e+01  
28         1.12000000e-02    -3.50675785e-02   -5.43009434e+01  
29         1.16000000e-02    -4.36764963e-02   -7.18646773e+01  
30         1.20000000e-02    -5.16021538e-02   -8.82945426e+01  
31         1.24000000e-02    -5.87150571e-02   -1.03332810e+02  
32         1.28000000e-02    -6.49013551e-02   -1.16741269e+02  
33         1.32000000e-02    -7.00645422e-02   -1.28308728e+02  
34         1.36000000e-02    -7.41228773e-02   -1.37853272e+02  
35         1.40000000e-02    -7.70114483e-02   -1.45222690e+02  
36         1.44000000e-02    -7.86864500e-02   -1.50302912e+02  
37         1.48000000e-02    -7.91196823e-02   -1.53011959e+02  
38         1.52000000e-02    -7.83070703e-02   -1.53309748e+02  
39         1.56000000e-02    -7.62570336e-02   -1.51187949e+02  
40         1.60000000e-02    -7.30061235e-02   -1.46682773e+02  
41         1.64000000e-02    -6.86024269e-02   -1.39863326e+02  
42         1.68000000e-02    -6.31175508e-02   -1.30838188e+02  
43         1.72000000e-02    -5.66381223e-02   -1.19750904e+02  
44         1.76000000e-02    -4.92646092e-02   -1.06774735e+02  
45         1.80000000e-02    -4.11135897e-02   -9.21138348e+01  
46         1.84000000e-02    -3.23148026e-02   -7.60003545e+01  
47         1.88000000e-02    -2.30063142e-02   -5.86884332e+01  
48         1.92000000e-02    -1.33353037e-02   -4.04512788e+01  
49         1.96000000e-02    -3.45366075e-03   -2.15760228e+01  
50         2.00000000e-02    6.48175875e-03    -2.36114423e+00  
