Index       TIME              I(LF)             V(P)       
0        0.00000000e+00    0.00000000e+00    0.00000000e+00
1        1.00000000e-07    9.79754516e-06    1.56810690e-05
2        1.50000000e-07    1.71432151e-05    2.35148868e-05
3        1.95000000e-07    2.57344921e-05    3.05598872e-05
4        2.35500000e-07    3.50692619e-05    3.68959883e-05
5        2.76000000e-07    4.60053329e-05    4.32276939e-05
6        3.16500000e-07    5.85413869e-05    4.95550076e-05
7        3.57000000e-07    7.26761066e-05    5.58779328e-05
8        3.97500000e-07    8.84081760e-05    6.21964734e-05
9        4.38000000e-07    1.05736280e-04    6.85106328e-05
10       4.78500000e-07    1.24659105e-04    7.48204147e-05
11       5.19000000e-07    1.45175337e-04    8.11258227e-05
12       5.59500000e-07    1.67283666e-04    8.74268604e-05
13       6.00000000e-07    1.90982780e-04    9.37235313e-05
14       6.40500000e-07    2.16271370e-04    1.00015839e-04
15       6.81000000e-07    2.43148128e-04    1.06303787e-04
16       7.21500000e-07    2.70818642e-04    1.12589557e-04
17       8.02500000e-07    3.30918289e-04    1.25148033e-04
18       8.83500000e-07    3.97354926e-04    1.37689114e-04
19       9.64500000e-07    4.70118120e-04    1.50212829e-04
20       1.04550000e-06    5.49197454e-04    1.62719206e-04
21       1.12650000e-06    6.34582529e-04    1.75208273e-04
22       1.20750000e-06    7.26262962e-04    1.87680060e-04
23       1.28850000e-06    8.24228387e-04    2.00134594e-04
24       1.36950000e-06    9.28468458e-04    2.12571904e-04
25       1.45050000e-06    1.03897284e-03    2.24992019e-04
26       1.53150000e-06    1.15573122e-03    2.37394966e-04
27       1.61250000e-06    1.27873331e-03    2.49780774e-04
28       1.69350000e-06    1.40796882e-03    2.62149471e-04
29       1.77450000e-06    1.54342748e-03    2.74501085e-04
30       1.85550000e-06    1.68509906e-03    2.86835645e-04
31       1.93650000e-06    1.83297332e-03    2.99153178e-04
32       2.01750000e-06    1.98704005e-03    3.11453713e-04
33       2.09850000e-06    2.14728905e-03    3.23737277e-04
34       2.17950000e-06    2.31371015e-03    3.36003898e-04
35       2.26050000e-06    2.48629318e-03    3.48253605e-04
36       2.34150000e-06    2.66502800e-03    3.60486425e-04
37       2.42250000e-06    2.84990447e-03    3.72702386e-04
38       2.50350000e-06    3.04091249e-03    3.84901515e-04
39       2.58450000e-06    3.23804196e-03    3.97083841e-04
40       2.66550000e-06    3.44128280e-03    4.09249391e-04
41       2.74650000e-06    3.65062495e-03    4.21398192e-04
42       2.82750000e-06    3.86605836e-03    4.33530273e-04
43       2.90850000e-06    4.08757300e-03    4.45645660e-04
44       2.98950000e-06    4.31515887e-03    4.57744382e-04
45       3.07050000e-06    4.54880595e-03    4.69826465e-04
46       3.23250000e-06    5.03423893e-03    4.93940839e-04
47       3.39450000e-06    5.54379729e-03    5.17988989e-04
48       3.55650000e-06    6.07740165e-03    5.41971130e-04
49       3.71850000e-06    6.63497290e-03    5.65887481e-04
50       3.88050000e-06    7.21643217e-03    5.89738257e-04
51       4.04250000e-06    7.82170086e-03    6.13523676e-04
52       4.20450000e-06    8.45070064e-03    6.37243950e-04
53       4.36650000e-06    9.10335342e-03    6.60899296e-04
54       4.52850000e-06    9.77958138e-03    6.84489926e-04
55       4.69050000e-06    1.04793069e-02    7.08016053e-04
56       4.85250000e-06    1.12024528e-02    7.31477889e-04
57       5.01450000e-06    1.19489419e-02    7.54875647e-04
58       5.17650000e-06    1.27186974e-02    7.78209536e-04
59       5.33850000e-06    1.35116427e-02    8.01479767e-04
60       5.50050000e-06    1.43277017e-02    8.24686549e-04
61       5.66250000e-06    1.51667981e-02    8.47830090e-04
62       5.82450000e-06    1.60288562e-02    8.70910600e-04
63       5.98650000e-06    1.69138005e-02    8.93928284e-04
64       6.14850000e-06    1.78215557e-02    9.16883351e-04
65       6.31050000e-06    1.87520466e-02    9.39776005e-04
66       6.47250000e-06    1.97051986e-02    9.62606452e-04
67       6.79650000e-06    2.16791504e-02    1.00808164e-03
68       7.12050000e-06    2.37428551e-02    1.05331045e-03
69       7.44450000e-06    2.58957230e-02    1.09829450e-03
70       7.76850000e-06    2.81371683e-02    1.14303539e-03
71       8.09250000e-06    3.04666090e-02    1.18753472e-03
72       8.41650000e-06    3.28834670e-02    1.23179407e-03
73       8.74050000e-06    3.53871680e-02    1.27581503e-03
74       9.06450000e-06    3.79771414e-02    1.31959915e-03
75       9.38850000e-06    4.06528203e-02    1.36314800e-03
76       9.71250000e-06    4.34136417e-02    1.40646312e-03
77       1.00365000e-05    4.62590463e-02    1.44954604e-03
78       1.03605000e-05    4.91884782e-02    1.49239829e-03
79       1.06845000e-05    5.22013854e-02    1.53502138e-03
80       1.10085000e-05    5.52972195e-02    1.57741682e-03
81       1.13325000e-05    5.84754356e-02    1.61958611e-03
82       1.16565000e-05    6.17354925e-02    1.66153072e-03
83       1.19805000e-05    6.50768524e-02    1.70325214e-03
84       1.23045000e-05    6.84989812e-02    1.74475182e-03
85       1.26285000e-05    7.20013482e-02    1.78603124e-03
86       1.29525000e-05    7.55834262e-02    1.82709182e-03
87       1.36005000e-05    8.29843662e-02    1.90856296e-03
88       1.42485000e-05    9.06979170e-02    1.98917589e-03
89       1.48965000e-05    9.87199841e-02    2.06894185e-03
90       1.55445000e-05    1.07046527e-01    2.14787193e-03
91       1.61925000e-05    1.15673557e-01    2.22597707e-03
92       1.68405000e-05    1.24597139e-01    2.30326807e-03
93       1.74885000e-05    1.33813388e-01    2.37975559e-03
94       1.81365000e-05    1.43318472e-01    2.45545014e-03
95       1.87845000e-05    1.53108606e-01    2.53036211e-03
96       1.94325000e-05    1.63180059e-01    2.60450174e-03
97       2.00805000e-05    1.73529143e-01    2.67787914e-03
98       2.07285000e-05    1.84152224e-01    2.75050430e-03
99       2.13765000e-05    1.95045713e-01    2.82238705e-03
100      2.20245000e-05    2.06206066e-01    2.89353711e-03
101      2.26725000e-05    2.17629790e-01    2.96396408e-03
102      2.33205000e-05    2.29313433e-01    3.03367743e-03
103      2.39685000e-05    2.41253592e-01    3.10268649e-03
104      2.52645000e-05    2.65888434e-01    3.23863296e-03
105      2.65605000e-05    2.91509670e-01    3.37187113e-03
106      2.78565000e-05    3.18091626e-01    3.50247142e-03
107      2.91525000e-05    3.45609296e-01    3.63050246e-03
108      3.04485000e-05    3.74038324e-01    3.75603106e-03
109      3.17445000e-05    4.03354989e-01    3.87912230e-03
110      3.30405000e-05    4.33536186e-01    3.99983957e-03
111      3.43365000e-05    4.64559411e-01    4.11824462e-03
112      3.56325000e-05    4.96402744e-01    4.23439758e-03
113      3.69285000e-05    5.29044839e-01    4.34835701e-03
114      3.82245000e-05    5.62464900e-01    4.46017996e-03
115      3.95205000e-05    5.96642676e-01    4.56992199e-03
116      4.08165000e-05    6.31558441e-01    4.67763721e-03
117      4.21125000e-05    6.67192983e-01    4.78337832e-03
118      4.47045000e-05    7.40535269e-01    4.98916628e-03
119      4.72965000e-05    8.16535257e-01    5.18765420e-03
120      4.98885000e-05    8.95056327e-01    5.37921682e-03
121      5.24805000e-05    9.75968876e-01    5.56420963e-03
122      5.50725000e-05    1.05914995e+00    5.74296986e-03
123      5.76645000e-05    1.14448292e+00    5.91581742e-03
124      6.02565000e-05    1.23185714e+00    6.08305576e-03
125      6.28485000e-05    1.32116762e+00    6.24497275e-03
126      6.54405000e-05    1.41231480e+00    6.40184147e-03
127      6.80325000e-05    1.50520421e+00    6.55392097e-03
128      7.06245000e-05    1.59974622e+00    6.70145698e-03
129      7.58085000e-05    1.79341505e+00    6.98392136e-03
130      8.09925000e-05    1.99273694e+00    7.25083652e-03
131      8.61765000e-05    2.19714456e+00    7.50375759e-03
132      9.13605000e-05    2.40612736e+00    7.74408391e-03
133      9.65445000e-05    2.61922586e+00    7.97307457e-03
134      1.01728500e-04    2.83602654e+00    8.19186251e-03
135      1.06912500e-04    3.05615726e+00    8.40146714e-03
136      1.17280500e-04    3.50497336e+00    8.79705810e-03
137      1.27648500e-04    3.96355504e+00    9.16564711e-03
138      1.38016500e-04    4.43002707e+00    9.51236446e-03
139      1.48384500e-04    4.90287097e+00    9.84136108e-03
140      1.69120500e-04    5.86262087e+00    1.04599950e-02
141      2.10592500e-04    7.81711878e+00    1.15976746e-02
142      2.52064500e-04    9.79678840e+00    1.26606467e-02
143      2.93536500e-04    1.17855699e+01    1.36918926e-02
144      3.76480500e-04    1.57668381e+01    1.57196663e-02
145      4.59424500e-04    1.97417229e+01    1.77249037e-02
146      6.25312500e-04    2.76488456e+01    2.16972235e-02
147      7.91200500e-04    3.54815802e+01    2.56087353e-02
148      9.57088500e-04    4.32177924e+01    2.94511935e-02
149      1.12297650e-03    5.08366967e+01    3.32135565e-02
150      1.28886450e-03    5.83175483e+01    3.68857635e-02
151      1.45475250e-03    6.56400482e+01    4.04578035e-02
152      1.62064050e-03    7.27843094e+01    4.39199870e-02
153      1.78652850e-03    7.97309334e+01    4.72629103e-02
154      1.95241650e-03    8.64610572e+01    5.04774968e-02
155      2.11830450e-03    9.29564060e+01    5.35550174e-02
156      2.28419250e-03    9.91993423e+01    5.64871155e-02
157      2.45008050e-03    1.05172914e+02    5.92658293e-02
158      2.61596850e-03    1.10860901e+02    6.18836137e-02
159      2.78185650e-03    1.16247858e+02    6.43333602e-02
160      2.94774450e-03    1.21319157e+02    6.66084168e-02
161      3.11363250e-03    1.26061029e+02    6.87026060e-02
162      3.27952050e-03    1.30460596e+02    7.06102412e-02
163      3.44540850e-03    1.34505912e+02    7.23261423e-02
164      3.61129650e-03    1.38185993e+02    7.38456502e-02
165      3.77718450e-03    1.41490845e+02    7.51646387e-02
166      3.94307250e-03    1.44411496e+02    7.62795263e-02
167      4.10896050e-03    1.46940014e+02    7.71872857e-02
168      4.27484850e-03    1.49069533e+02    7.78854518e-02
169      4.44073650e-03    1.50794271e+02    7.83721290e-02
170      4.60662450e-03    1.52109544e+02    7.86459956e-02
171      4.77251250e-03    1.53011782e+02    7.87063081e-02
172      4.93840050e-03    1.53498534e+02    7.85529028e-02
173      5.10428850e-03    1.53568478e+02    7.81861960e-02
174      5.27017650e-03    1.53221424e+02    7.76071836e-02
175      5.43606450e-03    1.52458316e+02    7.68174379e-02
176      5.60195250e-03    1.51281224e+02    7.58191033e-02
177      5.76784050e-03    1.49693346e+02    7.46148906e-02
178      5.93372850e-03    1.47698992e+02    7.32080697e-02
179      6.09961650e-03    1.45303580e+02    7.16024608e-02
180      6.26550450e-03    1.42513611e+02    6.98024237e-02
181      6.43139250e-03    1.39336664e+02    6.78128461e-02
182      6.59728050e-03    1.35781364e+02    6.56391305e-02
183      6.76316850e-03    1.31857365e+02    6.32871794e-02
184      6.92905650e-03    1.27575323e+02    6.07633793e-02
185      7.09494450e-03    1.22946865e+02    5.80745833e-02
186      7.26083250e-03    1.17984558e+02    5.52280923e-02
187      7.42672050e-03    1.12701879e+02    5.22316359e-02
188      7.59260850e-03    1.07113170e+02    4.90933505e-02
189      7.75849650e-03    1.01233607e+02    4.58217577e-02
190      7.92438450e-03    9.50791570e+01    4.24257412e-02
191      8.09027250e-03    8.86665300e+01    3.89145225e-02
192      8.25616050e-03    8.20131392e+01    3.52976359e-02
193      8.42204850e-03    7.51370512e+01    3.15849026e-02
194      8.58793650e-03    6.80569372e+01    2.77864042e-02
195      8.75382450e-03    6.07920225e+01    2.39124550e-02
196      8.91971250e-03    5.33620339e+01    1.99735742e-02
197      9.08560050e-03    4.57871470e+01    1.59804576e-02
198      9.25148850e-03    3.80879303e+01    1.19439478e-02
199      9.41737650e-03    3.02852902e+01    7.87500561e-03
200      9.58326450e-03    2.24004139e+01    3.78467976e-03
201      9.74915250e-03    1.44547119e+01   -3.15922960e-04
202      9.91504050e-03    6.46975970e+00   -4.41566782e-03
203      1.00809285e-02   -1.53276033e+00   -8.50342245e-03
204      1.01708121e-02   -5.86815964e+00   -1.07101223e-02
205      1.02606956e-02   -1.01997826e+01   -1.29058056e-02
206      1.03505792e-02   -1.45226747e+01   -1.50928416e-02
207      1.04404627e-02   -1.88339607e+01   -1.72679173e-02
208      1.06202299e-02   -2.74074507e+01   -2.15767071e-02
209      1.07999970e-02   -3.58943338e+01   -2.58145404e-02
210      1.09797641e-02   -4.42665328e+01   -2.99706921e-02
211      1.11595312e-02   -5.24976495e+01   -3.40310932e-02
212      1.13392984e-02   -6.05613505e+01   -3.79830358e-02
213      1.15190655e-02   -6.84319492e+01   -4.18138485e-02
214      1.16988326e-02   -7.60843417e+01   -4.55113366e-02
215      1.18785997e-02   -8.34941295e+01   -4.90637044e-02
216      1.20583669e-02   -9.06376848e+01   -5.24596263e-02
217      1.22381340e-02   -9.74922297e+01   -5.56882735e-02
218      1.24179011e-02   -1.04035907e+02   -5.87393511e-02
219      1.25976682e-02   -1.10247852e+02   -6.16031303e-02
220      1.27774354e-02   -1.16108257e+02   -6.42704797e-02
221      1.29572025e-02   -1.21598435e+02   -6.67328938e-02
222      1.31369696e-02   -1.26700880e+02   -6.89825212e-02
223      1.33167367e-02   -1.31399322e+02   -7.10121884e-02
224      1.34965039e-02   -1.35678780e+02   -7.28154237e-02
225      1.36762710e-02   -1.39525607e+02   -7.43864771e-02
226      1.38560381e-02   -1.42927538e+02   -7.57203392e-02
227      1.40358052e-02   -1.45873726e+02   -7.68127567e-02
228      1.42155724e-02   -1.48354775e+02   -7.76602464e-02
229      1.43953395e-02   -1.50362775e+02   -7.82601058e-02
230      1.45751066e-02   -1.51891322e+02   -7.86104223e-02
231      1.47548737e-02   -1.52935544e+02   -7.87100789e-02
232      1.49346409e-02   -1.53492110e+02   -7.85587577e-02
233      1.51144080e-02   -1.53559246e+02   -7.81569413e-02
234      1.52941751e-02   -1.53136738e+02   -7.75059109e-02
235      1.54739422e-02   -1.52225932e+02   -7.66077424e-02
236      1.56537093e-02   -1.50829733e+02   -7.54652997e-02
237      1.58334765e-02   -1.48952593e+02   -7.40822258e-02
238      1.60132436e-02   -1.46600498e+02   -7.24629306e-02
239      1.61930107e-02   -1.43780947e+02   -7.06125776e-02
240      1.63727778e-02   -1.40502931e+02   -6.85370668e-02
241      1.65525450e-02   -1.36776902e+02   -6.62430163e-02
242      1.67323121e-02   -1.32614742e+02   -6.37377410e-02
243      1.69120792e-02   -1.28029722e+02   -6.10292293e-02
244      1.70918463e-02   -1.23036462e+02   -5.81261176e-02
245      1.72716135e-02   -1.17650883e+02   -5.50376629e-02
246      1.74513806e-02   -1.11890158e+02   -5.17737132e-02
247      1.76311477e-02   -1.05772657e+02   -4.83446760e-02
248      1.78109148e-02   -9.93178851e+01   -4.47614853e-02
249      1.79906820e-02   -9.25464248e+01   -4.10355665e-02
250      1.81704491e-02   -8.54798677e+01   -3.71788002e-02
251      1.83502162e-02   -7.81407464e+01   -3.32034844e-02
252      1.85299833e-02   -7.05524628e+01   -2.91222947e-02
253      1.87097505e-02   -6.27392131e+01   -2.49482446e-02
254      1.88895176e-02   -5.47259110e+01   -2.06946437e-02
255      1.90692847e-02   -4.65381079e+01   -1.63750551e-02
256      1.92490518e-02   -3.82019117e+01   -1.20032524e-02
257      1.94288190e-02   -2.97439035e+01   -7.59317574e-03
258      1.96085861e-02   -2.11910529e+01   -3.15888720e-03
259      1.97883532e-02   -1.25706318e+01    1.28547387e-03
260      1.99681203e-02   -3.91012749e+00    5.72573604e-03
261      2.00000000e-02   -2.37189228e+00    6.51084431e-03
End of Xyce(TM) Simulation
